111    222    333    444    555    666    777    888    999    123
45.5   60     40     0      90     35     20.5   85     74     59.5                           
80.5   50     30.5   5      85     89     14     69     45     54                              
82     70     10     10.5   100    47.5   12     74     89     69                             
95     75     45     2      90     94     50     83     46     87                  
55     55.5   60     10     93     74     65     91.5   38     83                
32     45     68.5   89.5   0      24.5   90     65.5   28.5   75                         
43     88     95.5   32.3   75.5   43.5   54.5   85     90     66.5                                                  
 
 
 


    
